.Random.seed <-
c(403L, 10L, 1394506856L, -27672170L, -2077884143L, -1954762045L, 
-1826141486L, 270941028L, -1987465561L, 771266557L, -2141400588L, 
-663396646L, 1045930021L, -1955386049L, -976575802L, 321032016L, 
401903475L, 1726058897L, 22856640L, -2083560034L, -37480599L, 
606016411L, -641852758L, 1478489292L, 64523663L, -1403360827L, 
-1026749060L, -473336366L, -1675226803L, -1953197049L, 253846510L, 
-751539512L, -1406974517L, 190865449L, -512997768L, 1624146854L, 
-2070723135L, 1024066131L, -219166462L, -2117894092L, -2048935497L, 
-603804243L, -824416572L, -2034922774L, 674491733L, -201448721L, 
-322453258L, -789798880L, 464626147L, -737140095L, 220810480L, 
691766158L, -642335495L, -837941621L, -2096286022L, -1795081796L, 
-227480833L, 608505429L, -942171796L, -2034202174L, -193781219L, 
697399959L, -590523394L, -940527688L, 1744733083L, 1157466617L, 
811620680L, -271768458L, -93294159L, 1247748067L, 423935154L, 
-664973052L, -1379231161L, -2120458979L, -1225348204L, 2009718586L, 
-2067446907L, 186873951L, 942918374L, 336195952L, -1324672365L, 
-1650244815L, 1746280928L, -1483499906L, 1112579337L, -106369221L, 
-159275254L, -1038985492L, 2095072111L, 819885221L, -332945828L, 
-603247054L, 1618529581L, 1856830439L, -710771954L, -1003471640L, 
-217000213L, -372721783L, 612270872L, -1868982714L, 1545111201L, 
1473071411L, -1656608606L, 192964500L, -1587296745L, -2110688755L, 
1275823908L, 2115715850L, 1460440693L, 2006412751L, 338335446L, 
-628712832L, -1562295101L, -931159455L, -1343702320L, 592419886L, 
878096857L, 197602795L, 897886298L, -247174628L, 1193413407L, 
1486913397L, -768760308L, -941129758L, -438254403L, 494519095L, 
-490837026L, 344795416L, -1007756165L, 1539097113L, 2066162344L, 
-1186461610L, 1822393553L, 118128771L, 218436370L, -1563326812L, 
1639068263L, 2117282749L, -1245018828L, -1559626086L, 853134565L, 
475950719L, 2074671110L, 110312336L, -2033564109L, -19868207L, 
616146816L, 1154464350L, 489447849L, 685133915L, -1057912726L, 
-935974644L, 31286095L, 508477445L, -1383948612L, -307382382L, 
-2000853875L, 798278343L, 1984345006L, 490925576L, -1713618421L, 
193303273L, -937452104L, 474700390L, 1060120321L, 819007891L, 
1817553474L, -2070659596L, 1930987511L, 470875117L, -1015655292L, 
1795246762L, -1332699115L, -1959114577L, 1588709046L, -392817440L, 
1985919011L, -697751743L, -884127184L, -2002233266L, 1583319225L, 
-1443382069L, 1136198010L, -1125598084L, -695191361L, 1253936533L, 
1282854316L, -65304702L, -1851388579L, -805796777L, -165698754L, 
-1589130376L, 2031052891L, 1718169529L, -1137545720L, -1511867210L, 
-629625871L, -1877518813L, -754907534L, -778806076L, -1636689273L, 
754455133L, -439151532L, 1364524666L, -1024557627L, -73203937L, 
-1848268122L, -75068368L, 271003347L, 215272689L, -1256323040L, 
905703102L, -1220080951L, 2050064507L, -1871626678L, -1543263572L, 
1209310639L, -163844763L, -351864036L, -86810766L, -312724499L, 
773223463L, -1395266482L, 140415144L, -1782481237L, 1667783625L, 
-1144309800L, 189456006L, -1129437343L, -1938011608L, -325409108L, 
81734332L, -307463694L, 1889192240L, 970431652L, 1397295800L, 
1761506138L, 496825744L, -2137177732L, -58862316L, -1884868286L, 
587741952L, 1362115516L, -538254512L, 1399183650L, -2096743096L, 
-554317812L, 1955840092L, 948473042L, 930932736L, 752048980L, 
-960796184L, -1516052486L, 1215274704L, -1514687188L, 1634062580L, 
-1660545134L, -775996320L, -1100862196L, 1118543584L, 673594722L, 
386167464L, 1002474060L, 926099324L, 1934359346L, 372827760L, 
-954225340L, 1188568024L, -390610822L, 1315386928L, -785534276L, 
-382982316L, -988343742L, 892253088L, -1079136068L, -1221121584L, 
-1062980254L, -982426648L, 886669260L, 1902860028L, -1772134414L, 
1848462464L, -1260611340L, 1804244104L, 30639418L, 349070160L, 
-1119187860L, 1476784276L, 169400658L, 1401669344L, -38788916L, 
-2103840608L, 1386967426L, -271134488L, -411950868L, 464797756L, 
368582770L, -1762310032L, -961291740L, 1509171768L, -1161178598L, 
1161033936L, 1757443644L, 479876244L, 631645314L, -2107314240L, 
1345041724L, 959915664L, -491045854L, -180738040L, -812370804L, 
-821172196L, -802306926L, 17669248L, -2070004716L, -1355762904L, 
466979898L, 972700880L, -1742238612L, -953502028L, 2028019730L, 
550723552L, -1708944436L, 1859417568L, -1584751582L, -1716939480L, 
-1726234356L, -704078276L, 1682035954L, 219461872L, 588556100L, 
1976795224L, -1711130054L, -1762547472L, 1685271228L, -350522860L, 
706989250L, -604141984L, -1775970948L, 401353936L, -318579678L, 
1439336616L, 924532108L, -658331204L, 1081620530L, -579495104L, 
-2063505740L, -1212346040L, 1946452666L, 1442109200L, -780801812L, 
1626658900L, 1049816850L, 1526981024L, 1261866956L, 225916768L, 
124728514L, -1307615704L, -1739847252L, -1814138052L, 1869910898L, 
-202926288L, -1293203420L, -223781320L, 246002394L, 842803088L, 
-370578180L, -2072308332L, 551326530L, -94524928L, 205391932L, 
1413278288L, -1602240350L, -166784184L, 364528140L, -180170020L, 
677202002L, 240815232L, -1169838252L, -1837572120L, 2095274746L, 
74006352L, -750103508L, 464900468L, 687429266L, -120382880L, 
560371852L, 2037344608L, 375245026L, 768246952L, 1958436556L, 
-618477060L, 332837810L, -417031184L, -1126659644L, -2066576040L, 
1405581690L, 968022448L, 748634556L, 44887636L, -2084161086L, 
-1292948704L, -558302276L, -1706078128L, -1324325918L, 461293416L, 
-322961588L, -2042958084L, -1501393166L, -600920832L, -2106891148L, 
369946120L, 567041466L, -191142448L, -1555886100L, 703490964L, 
-837185326L, 752499808L, -948054708L, -1908339936L, 494041730L, 
675865064L, -1257184276L, 53999164L, -1650319758L, 1025618800L, 
-392024796L, 20658744L, 198054298L, 350389712L, 748168636L, 605931156L, 
-1131543934L, 1297618368L, -2037051588L, -528739696L, 779929378L, 
2028508680L, 320750348L, 1396677532L, 2084103186L, 1031680896L, 
-1344165100L, -1361734360L, -49909702L, 1287492560L, -893134228L, 
1833933876L, 1950865554L, 1346117984L, 246811980L, 2061946336L, 
1761653666L, 1895369640L, 1442696332L, 1395352508L, -1787867991L, 
662950974L, 1706765612L, 766023549L, 2123945415L, -1862299472L, 
600837838L, -976333829L, 482104413L, 1756367754L, -1086637144L, 
1040660753L, 974082051L, -1638247676L, -714674382L, -1857712761L, 
-187329583L, 621079894L, 929678132L, -2058797499L, 1528949391L, 
-135224312L, -109006810L, 979415251L, 1436860981L, 818479506L, 
1551770976L, 1417579721L, -701353989L, 788008908L, 792822362L, 
-175702193L, 749252121L, -1885696978L, 1114788412L, -2015596627L, 
398403671L, 860360096L, 2146868990L, 1570176459L, 1216637901L, 
1710235386L, -1952901832L, 755728097L, 1280168339L, 1147156916L, 
-1568544062L, 2012781271L, -1156494559L, -1992201498L, 928812004L, 
559524629L, 1899410239L, 2029213400L, 1519129334L, -984142589L, 
1268008517L, 811925090L, 96851408L, -1458167047L, 1205342251L, 
2070863772L, -223440950L, -1494177601L, -573040119L, 528249630L, 
1955527372L, -997887331L, -203006169L, 543912272L, 525172718L, 
164323483L, 1806879485L, -823741974L, 2010126984L, -2109903823L, 
-1696391517L, -190687580L, 1546057554L, 320757415L, -872373519L, 
1098148406L, -1492490540L, 1982859877L, 1489700975L, 1393748648L, 
-1867761658L, -1404570317L, 1106262421L, 648054258L, -1259627968L, 
-1945832535L, 408579611L, 743106540L, 60772346L, 1774777391L, 
-1486011335L, 1398355534L, -1447868772L, -783942643L, 1291534455L, 
-816592768L, 733351646L, 1293903275L, -1023953235L, -877294822L, 
-1981205544L, -1207340991L, -356737293L, 417284372L, 2091193506L, 
771461559L, 405116289L, -1005722746L, -333991484L, -534103819L, 
-438478497L, 790090680L, -1936394602L, -2076262237L, 1393699429L, 
1999748994L, 1627378928L, -2101662567L, 2063254667L, -1834037892L, 
1336310698L, -1322435617L, -1739214487L, 2038193534L, -1628521108L, 
-1365023299L, -192027001L, 576299632L, -1443477234L, -1054321093L, 
725746973L, 78516170L, -2115888920L, -143705135L, -569934397L, 
-1002432828L, 624172402L, 1454100551L, -1643719663L, -620767850L, 
-615601932L, -854842747L, 810814415L, 379405000L, -610122906L, 
